num_breadcrumbs: 0
body_color_r: 0
body_color_g: 0.364705882
body_color_b: 0.678431373